18
31
32
36
7
73
82
77
83
42
131
146
134
113
163
161
188
175
202
173
127
208
168
218
164
273
276
213
245
283
314
344
247
357
323
317
319
382
398
18
31
32
36
7
73
82
77
83
42
131
146
134
113
163
161
188
175
202
173
127
208
168
218
164
273
276
213
245
283
314
18
31
32
36
7
73
82
77
83
42
131
146
134
113
163
161
188
175
202
173
127
208
168
218
164
273
276
213
245
283
314
247
357
323
319
431
425
373
447
494
498
586
604
590
18
31
32
36
7
73
82
77
83
131
134
113
163
161
173
273
32
131
134
18
32
131
134
113
163
161
173
273
